# Camera response curve, channel IR
# data layout: log10(response) | camera output | response
# name: IR
# type: matrix
# rows: 256
# columns: 3
    -3.106722593    0     0.000782127
    -2.264419317    1     0.005439772
    -1.908283353    2     0.012351412
    -1.731649876    3     0.018550266
    -1.623095155    4     0.023817977
    -1.531450868    5     0.029413668
    -1.456421852    6     0.034960538
    -1.396204233    7     0.040160187
    -1.333815813    8     0.046364356
    -1.282207012    9     0.052214727
    -1.235166550   10     0.058188003
    -1.193670273   11     0.064022087
    -1.158981681   12     0.069345504
    -1.129911661   13     0.074146114
    -1.102326035   14     0.079008520
    -1.072853684   15     0.084556364
    -1.043529153   16     0.090462968
    -1.019438267   17     0.095622860
    -0.994819760   18     0.101199940
    -0.971109211   19     0.106878608
    -0.951444745   20     0.111829214
    -0.930198848   21     0.117435977
    -0.909590662   22     0.123142883
    -0.894591391   23     0.127470180
    -0.875895977   24     0.133077309
    -0.861530602   25     0.137552798
    -0.846341729   26     0.142448619
    -0.829121292   27     0.148210406
    -0.816989839   28     0.152408853
    -0.801191092   29     0.158055246
    -0.784568667   30     0.164222002
    -0.770221591   31     0.169737741
    -0.756227672   32     0.175296128
    -0.740750730   33     0.181655809
    -0.726403177   34     0.187757298
    -0.713579476   35     0.193383992
    -0.701121867   36     0.199011490
    -0.687959433   37     0.205135390
    -0.675725877   38     0.210995957
    -0.664312959   39     0.216614261
    -0.652823389   40     0.222421423
    -0.641546190   41     0.228272617
    -0.631944835   42     0.233375460
    -0.622406900   43     0.238557518
    -0.612348318   44     0.244147152
    -0.602803707   45     0.249572247
    -0.593217969   46     0.255142063
    -0.583511710   47     0.260908544
    -0.574260414   48     0.266526014
    -0.565657556   49     0.271858215
    -0.556863189   50     0.277419388
    -0.548122525   51     0.283059329
    -0.539550185   52     0.288702011
    -0.530870914   53     0.294529706
    -0.521825314   54     0.300728559
    -0.512402594   55     0.307324678
    -0.503102243   56     0.313976943
    -0.493395805   57     0.321073294
    -0.484054297   58     0.328054279
    -0.474666715   59     0.335222602
    -0.464871347   60     0.342869341
    -0.455403864   61     0.350425869
    -0.446097314   62     0.358016223
    -0.436576158   63     0.365951777
    -0.427562714   64     0.373626173
    -0.418330401   65     0.381653816
    -0.409526616   66     0.389469445
    -0.400947154   67     0.397239894
    -0.392669350   68     0.404884040
    -0.384263575   69     0.412796885
    -0.376108229   70     0.420621783
    -0.368245274   71     0.428306550
    -0.361018181   72     0.435493648
    -0.353530258   73     0.443067342
    -0.346594483   74     0.450200021
    -0.339438587   75     0.457679451
    -0.332536489   76     0.465011299
    -0.325680017   77     0.472410977
    -0.318796962   78     0.479957789
    -0.311749965   79     0.487809241
    -0.305122703   80     0.495310217
    -0.298252225   81     0.503208280
    -0.291983932   82     0.510523915
    -0.285568327   83     0.518121600
    -0.279346764   84     0.525597453
    -0.273039997   85     0.533285797
    -0.267002136   86     0.540751696
    -0.260853350   87     0.548462152
    -0.254981697   88     0.555927694
    -0.249181852   89     0.563401699
    -0.242605448   90     0.571998060
    -0.236705855   91     0.579821289
    -0.230425194   92     0.588267446
    -0.223786011   93     0.597329557
    -0.217664078   94     0.605809271
    -0.210735247   95     0.615552008
    -0.203854904   96     0.625381589
    -0.197589487   97     0.634469151
    -0.190674514   98     0.644652247
    -0.183221221   99     0.655811131
    -0.176624507  100     0.665848613
    -0.169556439  101     0.676773846
    -0.162613973  102     0.687679410
    -0.155568078  103     0.698927164
    -0.148742616  104     0.709998429
    -0.141231790  105     0.722384155
    -0.134491771  106     0.733682632
    -0.126988322  107     0.746468842
    -0.119383939  108     0.759654403
    -0.112841472  109     0.771184921
    -0.105818085  110     0.783757865
    -0.099140853  111     0.795901179
    -0.092440896  112     0.808274925
    -0.085963026  113     0.820421398
    -0.079634957  114     0.832463205
    -0.073176704  115     0.844935000
    -0.066727497  116     0.857575774
    -0.060761120  117     0.869438529
    -0.054476932  118     0.882110655
    -0.048332579  119     0.894679368
    -0.042483564  120     0.906810284
    -0.036795639  121     0.918764830
    -0.031026382  122     0.931051314
    -0.024729649  123     0.944648743
    -0.018455703  124     0.958394468
    -0.012531679  125     0.971557081
    -0.006231000  126     0.985755026
     0.000000000  127     1.000000000
     0.006131915  128     1.014219403
     0.012212234  129     1.028518796
     0.018106017  130     1.042571902
     0.023834055  131     1.056413770
     0.029655349  132     1.070669293
     0.036067966  133     1.086595654
     0.041642729  134     1.100633502
     0.047164116  135     1.114715695
     0.052022524  136     1.127255917
     0.057307258  137     1.141056776
     0.063051432  138     1.156249166
     0.068704367  139     1.171397686
     0.074490376  140     1.187108397
     0.080466069  141     1.203555346
     0.086580880  142     1.220621109
     0.092910357  143     1.238540888
     0.099784717  144     1.258301497
     0.105397485  145     1.274669170
     0.111699648  146     1.293301105
     0.117818929  147     1.311652899
     0.123928070  148     1.330234051
     0.130177930  149     1.349515676
     0.136615843  150     1.369669676
     0.142787799  151     1.389273643
     0.149635762  152     1.411353350
     0.156426892  153     1.433596373
     0.162147969  154     1.452606440
     0.168825448  155     1.475113511
     0.175777435  156     1.498916507
     0.181609571  157     1.519181132
     0.187906280  158     1.541367769
     0.193371058  159     1.560885549
     0.199434400  160     1.582830429
     0.204800412  161     1.602508783
     0.210135207  162     1.622315049
     0.215649664  163     1.643045783
     0.221378624  164     1.664863467
     0.227761373  165     1.689512372
     0.232676655  166     1.708742619
     0.238559321  167     1.732045531
     0.243813470  168     1.753127337
     0.248862430  169     1.773627520
     0.253509581  170     1.792708039
     0.258455276  171     1.813239932
     0.262505263  172     1.830228209
     0.267414987  173     1.851036549
     0.271813124  174     1.869877338
     0.275843352  175     1.887310386
     0.280258030  176     1.906593204
     0.284189463  177     1.923930883
     0.287761897  178     1.939822078
     0.291710407  179     1.957538843
     0.296037912  180     1.977142215
     0.299995482  181     1.995241523
     0.304100901  182     2.014192104
     0.308071464  183     2.032691479
     0.311563909  184     2.049103498
     0.315302491  185     2.066819191
     0.319358408  186     2.086211920
     0.323310345  187     2.105282307
     0.328274429  188     2.129484177
     0.332460493  189     2.150109053
     0.336917341  190     2.172287703
     0.341323227  191     2.194437504
     0.345791280  192     2.217130661
     0.350757390  193     2.242628813
     0.356001854  194     2.269874573
     0.360768884  195     2.294927120
     0.365937173  196     2.322400808
     0.371307701  197     2.351298094
     0.376732349  198     2.380851746
     0.382566392  199     2.413050413
     0.387431979  200     2.440236807
     0.392778039  201     2.470461130
     0.398125201  202     2.501066208
     0.404525578  203     2.538198471
     0.410480171  204     2.573239326
     0.416094124  205     2.606718540
